ViT
🍇 tensor([[ 25.9391, -16.1619, -11.2523,  ...,  18.1721, -27.6057,  24.3794],
        [-16.1619,  10.0715,   7.0124,  ..., -11.3245,  17.2028, -15.1934],
        [-11.2523,   7.0124,   4.8869,  ...,  -7.8876,  11.9816, -10.5828],
        ...,
        [ 18.1721, -11.3245,  -7.8876,  ...,  12.7355, -19.3458,  17.0867],
        [-27.6057,  17.2028,  11.9816,  ..., -19.3458,  29.3879, -25.9557],
        [ 24.3794, -15.1934, -10.5828,  ...,  17.0867, -25.9557,  22.9256]],
       device='cuda:0', grad_fn=<MeanBackward1>)

